//白0(拥有0张的普通卡的卡数) 白1 白2 蓝0 蓝1 蓝2 紫0 紫1 紫2 橙0 橙1 橙2 (永远是0) 金白0 金白1 金白2 金蓝0 金蓝1 金蓝2 金紫0 金紫1 金紫2 金橙0 金橙1 金橙2 (永远是0)
94 0 0 81 0 0 37 0 0 33 0 0 94 0 0 81 0 0 37 0 0 33 0 0 //经典稀有度分布 94,81,37,33,94,81,37,33
40 0 0 37 0 0 26 0 0 20 0 0 40 0 0 37 0 0 26 0 0 20 0 0 //地精大战侏儒 40,37,26,20,40,37,26,20
49 0 0 36 0 0 27 0 0 20 0 0 49 0 0 36 0 0 27 0 0 20 0 0 //冠军的试炼 49,36,27,20,49,36,27,20
49 0 0 36 0 0 27 0 0 20 0 0 50 0 0 36 0 0 27 0 0 21 0 0 //古神的低语 49,36,27,20,50,36,27,21, 注意非金克苏恩和邪教召唤者是免费的
49 0 0 36 0 0 27 0 0 20 0 0 49 0 0 36 0 0 27 0 0 20 0 0 //龙争虎斗加基森 49,36,27,20,49,36,27,20
49 0 0 36 0 0 27 0 0 23 0 0 49 0 0 36 0 0 27 0 0 23 0 0 //勇闯安戈洛 49,36,27,23,49,36,27,23
0 //当前粉尘

//备份
94 0 0 81 0 0 37 0 0 33 0 0 94 0 0 81 0 0 37 0 0 33 0 0 //经典稀有度分布 94,81,37,33,94,81,37,33
40 0 0 37 0 0 26 0 0 20 0 0 40 0 0 37 0 0 26 0 0 20 0 0 //地精大战侏儒 40,37,26,20,40,37,26,20
49 0 0 36 0 0 27 0 0 20 0 0 49 0 0 36 0 0 27 0 0 20 0 0 //冠军的试炼 49,36,27,20,49,36,27,20
49 0 0 36 0 0 27 0 0 20 0 0 50 0 0 36 0 0 27 0 0 21 0 0 //古神的低语 49,36,27,20,50,36,27,21, 注意非金克苏恩和邪教召唤者是免费的
49 0 0 36 0 0 27 0 0 20 0 0 49 0 0 36 0 0 27 0 0 20 0 0 //龙争虎斗加基森 49,36,27,20,49,36,27,20
49 0 0 36 0 0 27 0 0 23 0 0 49 0 0 36 0 0 27 0 0 23 0 0 //勇闯安戈洛 49,36,27,23,49,36,27,23
0 //当前粉尘
